[
  {
    "image": "handeye_images/pose_000.png",
    "raw_mm_deg": [
      86.6,
      -844.732,
      5.415,
      -89.737,
      -0.4843,
      -89.3129
    ],
    "R_gripper2base": [
      [
        0.011991441468134134,
        0.004691230313680683,
        0.9999170954082445
      ],
      [
        -0.999892374251575,
        -0.008396787015810259,
        0.012030539529025719
      ],
      [
        0.008452528915339097,
        -0.9999537420930806,
        0.00459003583648665
      ]
    ],
    "t_gripper2base": [
      [
        0.0866
      ],
      [
        -0.8447319999999999
      ],
      [
        0.005415
      ]
    ]
  },
  {
    "image": "handeye_images/pose_001.png",
    "raw_mm_deg": [
      86.259,
      -844.137,
      76.611,
      -89.737,
      -0.4838,
      -89.3131
    ],
    "R_gripper2base": [
      [
        0.011987952069074714,
        0.004691096389825233,
        0.9999171378768598
      ],
      [
        -0.9998924898223664,
        -0.008388077775432545,
        0.012027009107097808
      ],
      [
        0.008443802580501703,
        -0.999953815816458,
        0.004590036174895451
      ]
    ],
    "t_gripper2base": [
      [
        0.086259
      ],
      [
        -0.8441369999999999
      ],
      [
        0.076611
      ]
    ]
  },
  {
    "image": "handeye_images/pose_002.png",
    "raw_mm_deg": [
      84.753,
      -841.45,
      397.0,
      -89.737,
      -0.4841,
      -89.3132
    ],
    "R_gripper2base": [
      [
        0.011986206397332,
        0.004691144508830625,
        0.9999171585783484
      ],
      [
        -0.99989246652159,
        -0.008393321332600012,
        0.012025287954095298
      ],
      [
        0.008449038381481422,
        -0.9999537715915697,
        0.00459003597189217
      ]
    ],
    "t_gripper2base": [
      [
        0.084753
      ],
      [
        -0.84145
      ],
      [
        0.397
      ]
    ]
  },
  {
    "image": "handeye_images/pose_003.png",
    "raw_mm_deg": [
      85.532,
      -842.825,
      232.612,
      -75.611,
      -0.4845,
      -89.3127
    ],
    "R_gripper2base": [
      [
        0.011994931396885011,
        0.2485843000089979,
        0.9685359917988698
      ],
      [
        -0.9998923028785952,
        -0.005209278187417565,
        0.013720279330448504
      ],
      [
        0.008456019449094132,
        -0.968596257069891,
        0.24849504326097516
      ]
    ],
    "t_gripper2base": [
      [
        0.085532
      ],
      [
        -0.842825
      ],
      [
        0.23261199999999999
      ]
    ]
  },
  {
    "image": "handeye_images/pose_004.png",
    "raw_mm_deg": [
      85.533,
      -842.829,
      232.604,
      -117.7324,
      -0.4849,
      -89.3133
    ],
    "R_gripper2base": [
      [
        0.011984459840707729,
        -0.46521945099561984,
        0.8851142497653401
      ],
      [
        -0.9998923693801189,
        -0.013067402931656091,
        0.0066702800566456055
      ],
      [
        0.008463000516294505,
        -0.8850989240734373,
        -0.46532598490338495
      ]
    ],
    "t_gripper2base": [
      [
        0.085533
      ],
      [
        -0.8428289999999999
      ],
      [
        0.232604
      ]
    ]
  },
  {
    "image": "handeye_images/pose_005.png",
    "raw_mm_deg": [
      373.745,
      -839.487,
      220.022,
      -127.8391,
      -0.4885,
      -89.3111
    ],
    "R_gripper2base": [
      [
        0.012022846525623243,
        -0.6133208354542232,
        0.7897423655592722
      ],
      [
        -0.9998913747915246,
        -0.0141083098616126,
        0.0042654671917671805
      ],
      [
        0.008525830102495968,
        -0.789707862687578,
        -0.6134238353948118
      ]
    ],
    "t_gripper2base": [
      [
        0.373745
      ],
      [
        -0.839487
      ],
      [
        0.220022
      ]
    ]
  },
  {
    "image": "handeye_images/pose_006.png",
    "raw_mm_deg": [
      -100.137,
      -845.002,
      239.306,
      -59.5398,
      -0.4848,
      -89.3127
    ],
    "R_gripper2base": [
      [
        0.011994930865618869,
        0.5069907323353207,
        0.8618680403400651
      ],
      [
        -0.9998922585924601,
        -0.0012119962867518375,
        0.014628816489026863
      ],
      [
        0.008461255249533006,
        -0.8619506531067171,
        0.5069215706285402
      ]
    ],
    "t_gripper2base": [
      [
        -0.100137
      ],
      [
        -0.8450019999999999
      ],
      [
        0.23930600000000002
      ]
    ]
  },
  {
    "image": "handeye_images/pose_007.png",
    "raw_mm_deg": [
      85.535,
      -842.826,
      232.606,
      -89.872,
      -21.147,
      -89.5026
    ],
    "R_gripper2base": [
      [
        0.0080965513228059,
        0.005365759686431271,
        0.9999528261271451
      ],
      [
        -0.9326227694898834,
        -0.3607281048072349,
        0.009487055981702297
      ],
      [
        0.3607619931280131,
        -0.9326555864975922,
        0.0020835760450264584
      ]
    ],
    "t_gripper2base": [
      [
        0.085535
      ],
      [
        -0.8428260000000001
      ],
      [
        0.232606
      ]
    ]
  },
  {
    "image": "handeye_images/pose_008.png",
    "raw_mm_deg": [
      85.542,
      -842.824,
      232.608,
      -89.877,
      14.2584,
      -89.4255
    ],
    "R_gripper2base": [
      [
        0.009717872657020454,
        -0.0003228908057557045,
        0.9999527282289646
      ],
      [
        -0.9691460907757636,
        0.24630396345836764,
        0.009498016569494505
      ],
      [
        -0.24629538705602516,
        -0.9691925780391772,
        0.0020806221896622623
      ]
    ],
    "t_gripper2base": [
      [
        0.085542
      ],
      [
        -0.8428239999999999
      ],
      [
        0.232608
      ]
    ]
  },
  {
    "image": "handeye_images/pose_009.png",
    "raw_mm_deg": [
      84.729,
      -841.154,
      424.702,
      -89.7244,
      13.593,
      -89.2378
    ],
    "R_gripper2base": [
      [
        0.012929900266139494,
        0.0016833194380130867,
        0.9999149884439065
      ],
      [
        -0.9719037175025957,
        0.2350638363587762,
        0.012171965368398818
      ],
      [
        -0.23502336391036255,
        -0.9719784767534538,
        0.004675376379844387
      ]
    ],
    "t_gripper2base": [
      [
        0.084729
      ],
      [
        -0.841154
      ],
      [
        0.424702
      ]
    ]
  },
  {
    "image": "handeye_images/pose_010.png",
    "raw_mm_deg": [
      86.972,
      -845.392,
      -72.974,
      -89.7226,
      -18.7564,
      -89.3994
    ],
    "R_gripper2base": [
      [
        0.009925587145411724,
        0.008211738260259283,
        0.9999170215945744
      ],
      [
        -0.9468421957554174,
        -0.3214730521215559,
        0.012038816250447948
      ],
      [
        0.32154523640831545,
        -0.9468831206196451,
        0.004584411491578677
      ]
    ],
    "t_gripper2base": [
      [
        0.086972
      ],
      [
        -0.845392
      ],
      [
        -0.072974
      ]
    ]
  },
  {
    "image": "handeye_images/pose_011.png",
    "raw_mm_deg": [
      85.532,
      -842.824,
      232.61,
      -90.3716,
      -0.4077,
      -18.548
    ],
    "R_gripper2base": [
      [
        0.9480334963905057,
        0.004682838587753119,
        0.3181360726864436
      ],
      [
        -0.31809095756548234,
        -0.008412152608802681,
        0.9480228786287601
      ],
      [
        0.007115647311919049,
        -0.9999536522815682,
        -0.006485433839390653
      ]
    ],
    "t_gripper2base": [
      [
        0.085532
      ],
      [
        -0.8428239999999999
      ],
      [
        0.23261
      ]
    ]
  },
  {
    "image": "handeye_images/pose_012.png",
    "raw_mm_deg": [
      85.532,
      -842.824,
      232.61,
      -89.5176,
      0.2675,
      -179.9006
    ],
    "R_gripper2base": [
      [
        -0.9999875965315681,
        0.004683172681962877,
        0.0016954871421139494
      ],
      [
        -0.0017348374986991802,
        -0.008411256865211316,
        -0.9999631198683284
      ],
      [
        -0.004668738788073742,
        -0.9999536582520107,
        0.008419277080033824
      ]
    ],
    "t_gripper2base": [
      [
        0.085532
      ],
      [
        -0.8428239999999999
      ],
      [
        0.23261
      ]
    ]
  },
  {
    "image": "handeye_images/pose_013.png",
    "raw_mm_deg": [
      84.382,
      -840.756,
      478.198,
      -89.9524,
      -0.5493,
      -65.855
    ],
    "R_gripper2base": [
      [
        0.40902847454780067,
        0.004679607689971332,
        0.9125096209251533
      ],
      [
        -0.9124712584304728,
        -0.008408385436434185,
        0.4090543993073068
      ],
      [
        0.009586946719808254,
        -0.999953699091223,
        0.0008307384493544401
      ]
    ],
    "t_gripper2base": [
      [
        0.084382
      ],
      [
        -0.840756
      ],
      [
        0.47819799999999996
      ]
    ]
  },
  {
    "image": "handeye_images/pose_014.png",
    "raw_mm_deg": [
      -183.968,
      -1020.048,
      235.637,
      -91.753,
      -13.8433,
      -43.5811
    ],
    "R_gripper2base": [
      [
        0.7033582116855641,
        0.15215521135763466,
        0.6943601498582697
      ],
      [
        -0.6693566942118515,
        -0.18702903565250517,
        0.7190144336080297
      ],
      [
        0.23926730233834087,
        -0.9704993207002297,
        -0.029702298768369773
      ]
    ],
    "t_gripper2base": [
      [
        -0.183968
      ],
      [
        -1.020048
      ],
      [
        0.235637
      ]
    ]
  },
  {
    "image": "handeye_images/pose_015.png",
    "raw_mm_deg": [
      452.73,
      -711.94,
      264.137,
      -135.1683,
      -23.5482,
      -76.8274
    ],
    "R_gripper2base": [
      [
        0.20890795508508753,
        -0.6263317852390129,
        0.7510432484893784
      ],
      [
        -0.8926034470153357,
        -0.4358730206646092,
        -0.11521196219599006
      ],
      [
        0.39952040333193006,
        -0.6463150970355097,
        -0.6501232519034154
      ]
    ],
    "t_gripper2base": [
      [
        0.45273
      ],
      [
        -0.71194
      ],
      [
        0.264137
      ]
    ]
  },
  {
    "image": "handeye_images/pose_016.png",
    "raw_mm_deg": [
      138.818,
      -856.77,
      -34.17,
      -98.6155,
      38.0828,
      -9.2826
    ],
    "R_gripper2base": [
      [
        0.7768126809159098,
        -0.6260173875933632,
        0.06829560160814091
      ],
      [
        -0.12696573271265615,
        -0.0494714811955379,
        0.9906726377896273
      ],
      [
        -0.6167996120985935,
        -0.7782382687706257,
        -0.11791283024304106
      ]
    ],
    "t_gripper2base": [
      [
        0.13881800000000002
      ],
      [
        -0.85677
      ],
      [
        -0.03417
      ]
    ]
  },
  {
    "image": "handeye_images/pose_017.png",
    "raw_mm_deg": [
      10.823,
      -836.467,
      416.029,
      -117.8415,
      9.251,
      151.6027
    ],
    "R_gripper2base": [
      [
        -0.86822959807643,
        0.3471559524828213,
        -0.35448569742626557
      ],
      [
        0.46939711793669914,
        0.3432258772489563,
        -0.8135492258366452
      ],
      [
        -0.1607597919156444,
        -0.8727420820852112,
        -0.4609528690232974
      ]
    ],
    "t_gripper2base": [
      [
        0.010823000000000001
      ],
      [
        -0.836467
      ],
      [
        0.416029
      ]
    ]
  },
  {
    "image": "handeye_images/pose_018.png",
    "raw_mm_deg": [
      191.444,
      -483.704,
      -44.952,
      -58.6289,
      -48.3153,
      -150.4972
    ],
    "R_gripper2base": [
      [
        -0.5787974729317956,
        -0.2985919543316116,
        0.758838803789182
      ],
      [
        -0.3275051947990168,
        -0.7670931679175527,
        -0.5516415676087798
      ],
      [
        0.746815795700269,
        -0.5678123955521248,
        0.3462011709251314
      ]
    ],
    "t_gripper2base": [
      [
        0.19144399999999998
      ],
      [
        -0.483704
      ],
      [
        -0.044952
      ]
    ]
  },
  {
    "image": "handeye_images/pose_019.png",
    "raw_mm_deg": [
      217.212,
      -834.314,
      -20.33,
      -88.7562,
      62.431,
      0.0068
    ],
    "R_gripper2base": [
      [
        0.4628164817924127,
        -0.8862478220440795,
        0.01912333923296583
      ],
      [
        5.492816604840689e-05,
        0.021601518388070673,
        0.9997666584689783
      ],
      [
        -0.8864541167845011,
        -0.46270743707601636,
        0.01004621870927025
      ]
    ],
    "t_gripper2base": [
      [
        0.217212
      ],
      [
        -0.834314
      ],
      [
        -0.020329999999999997
      ]
    ]
  },
  {
    "image": "handeye_images/pose_020.png",
    "raw_mm_deg": [
      -3.48,
      -947.609,
      -40.244,
      -54.2046,
      32.9283,
      -94.6796
    ],
    "R_gripper2base": [
      [
        -0.06847735975596547,
        0.6189139442318263,
        0.7824681340708104
      ],
      [
        -0.8365534928267555,
        0.39172352572205466,
        -0.383054738954158
      ],
      [
        -0.5435890955861857,
        -0.6808070277481618,
        0.49093042901057377
      ]
    ],
    "t_gripper2base": [
      [
        -0.00348
      ],
      [
        -0.947609
      ],
      [
        -0.040244
      ]
    ]
  }
]